9.300000000000000000e+03 2.764433520907815245e-01
8.000000000000000000e+03 2.980565492020823548e-01
7.943282350000000406e+03 2.991186487638591296e-01
6.473082040000000234e+03 3.313460153805735664e-01
5.274997059999999692e+03 3.670446678567131915e-01
5.000000000000000000e+03 3.770009354232290444e-01
4.298662349999999606e+03 4.065873201510410984e-01
3.981070000000000164e+03 4.224899750050588598e-01
3.503034740000000056e+03 4.503877764974959508e-01
2.854667660000000069e+03 4.989041625225658083e-01
2.326305069999999887e+03 5.526424207486085871e-01
1.895735650000000078e+03 6.121640816400375495e-01
1.584890000000000100e+03 6.694757352496177871e-01
1.544859150000000000e+03 6.780883019053932648e-01
1.258925410000000056e+03 7.511024406494314354e-01
1.000000000000000000e+03 8.426634447735947830e-01
6.606934479999999894e+02 1.036437495366626438e+00
6.309569999999999936e+02 1.060542144062303072e+00
4.365158319999999890e+02 1.274603814001856739e+00
2.884031499999999824e+02 1.567189180302070772e+00
2.511889999999999930e+02 1.678842948247175171e+00
1.905460720000000094e+02 1.926360637602288151e+00
1.258925409999999943e+02 2.366779819418380892e+00
1.000000000000000000e+02 2.652874227546512920e+00
8.600000000000000000e+01 2.858372500014501050e+00
7.600000000000000000e+01 3.038324655301086974e+00
6.600000000000000000e+01 3.257193959048951371e+00
5.600000000000000000e+01 3.531385045443471871e+00
4.600000000000000000e+01 3.888986516073892563e+00
3.600000000000000000e+01 4.383169306929368680e+00
2.600000000000000000e+01 5.131174052528337803e+00
1.600000000000000000e+01 6.466726002798155015e+00
6.000000000000000000e+00 1.007750851334095543e+01
3.162277659999999990e+00 1.306852806052127569e+01
1.000000000000000000e+00 1.885121202873467539e+01
4.869675250000000122e-01 2.186088765114568844e+01
2.371369999999999867e-01 2.396488308421985636e+01
7.498942090000000615e-02 2.570669374678088559e+01
5.623410000000000214e-02 2.593361513884421399e+01
1.333520000000000018e-02 2.647604316447253936e+01
1.154781979999999937e-02 2.649939626175822482e+01
3.162279999999999952e-03 2.660975070827354472e+01
1.778279409999999894e-03 2.662809464429501105e+01
7.498939999999999729e-04 2.664175167138537148e+01
2.738419629999999834e-04 2.664808075255058029e+01
1.778279999999999922e-04 2.664935793442402101e+01
4.216969999999999708e-05 2.665115916282218222e+01
4.216965030000000187e-05 2.665116262772894729e+01
1.000000000000000082e-05 2.665159084360812258e+01
6.493816320000000313e-06 2.665163857126271196e+01
9.999999999999999547e-07 2.665170705677121532e+01
9.999999999999999547e-08 2.665171902808534554e+01
