9.300000000000000000e+03 2.418124322338665588e-01
8.000000000000000000e+03 2.607183570369943637e-01
7.943282350000000406e+03 2.616476294049520646e-01
6.473082040000000234e+03 2.898367916537903377e-01
5.274997059999999692e+03 3.210645136644352804e-01
5.000000000000000000e+03 3.297738661437175645e-01
4.298662349999999606e+03 3.556532656781648538e-01
3.981070000000000164e+03 3.695640134541022803e-01
3.503034740000000056e+03 3.939667433803002994e-01
2.854667660000000069e+03 4.364054897869448224e-01
2.326305069999999887e+03 4.834122955441397251e-01
1.895735650000000078e+03 5.354770475485390868e-01
1.584890000000000100e+03 5.856096179149510306e-01
1.544859150000000000e+03 5.931432598593558980e-01
1.258925410000000056e+03 6.570113021461141400e-01
1.000000000000000000e+03 7.355459419201629823e-01
6.606934479999999894e+02 9.060873923340353464e-01
6.309569999999999936e+02 9.276058747001204585e-01
4.365158319999999890e+02 1.111039904047804727e+00
2.884031499999999824e+02 1.367995142470526337e+00
2.511889999999999930e+02 1.464273561690914160e+00
1.905460720000000094e+02 1.684631450364166394e+00
1.258925409999999943e+02 2.070274644370531547e+00
1.000000000000000000e+02 2.320552249465957839e+00
8.600000000000000000e+01 2.500307457950761592e+00
7.600000000000000000e+01 2.657715157226572700e+00
6.600000000000000000e+01 2.849173960358529101e+00
5.600000000000000000e+01 3.089025696302723389e+00
4.600000000000000000e+01 3.401841757721155268e+00
3.600000000000000000e+01 3.834143874709815769e+00
2.600000000000000000e+01 4.475872610628961468e+00
1.600000000000000000e+01 5.654228112408187457e+00
6.000000000000000000e+00 8.817093776033530617e+00
3.162277659999999990e+00 1.143658674427625677e+01
1.000000000000000000e+00 1.650621461349438945e+01
4.869675250000000122e-01 1.914784844943546105e+01
2.371369999999999867e-01 2.099556098449612662e+01
7.498942090000000615e-02 2.252550359630136612e+01
5.623410000000000214e-02 2.272480871624295773e+01
1.333520000000000018e-02 2.320118978512652674e+01
1.154781979999999937e-02 2.322166873304967893e+01
3.162279999999999952e-03 2.331858799300920282e+01
1.778279409999999894e-03 2.333470249456154022e+01
7.498939999999999729e-04 2.334667210424480999e+01
2.738419629999999834e-04 2.335226184409847860e+01
1.778279999999999922e-04 2.335338440215208777e+01
4.216969999999999708e-05 2.335496932845996199e+01
4.216965030000000187e-05 2.335496853382360882e+01
1.000000000000000082e-05 2.335534506980246761e+01
6.493816320000000313e-06 2.335538555633783275e+01
9.999999999999999547e-07 2.335545019110427845e+01
9.999999999999999547e-08 2.335545960492043704e+01
