9.300000000000000000e+03 3.437082872640516484e+00
8.000000000000000000e+03 3.235092987478037863e+00
7.943282350000000406e+03 3.225681228258022948e+00
6.473082040000000234e+03 2.960123545843112769e+00
5.274997059999999692e+03 2.704789723666158885e+00
5.000000000000000000e+03 2.639730214762884497e+00
4.298662349999999606e+03 2.460068430440960796e+00
3.981070000000000164e+03 2.371132288706230273e+00
3.503034740000000056e+03 2.226457244458164286e+00
2.854667660000000069e+03 2.004527061191747173e+00
2.326305069999999887e+03 1.794877694306525662e+00
1.895735650000000078e+03 1.598087535947208648e+00
1.584890000000000100e+03 1.436842615339300133e+00
1.544859150000000000e+03 1.414661449786590142e+00
1.258925410000000056e+03 1.244981723551271902e+00
1.000000000000000000e+03 1.070788387257499030e+00
6.606934479999999894e+02 8.016197526765778125e-01
6.309569999999999936e+02 7.751590622299135980e-01
4.365158319999999890e+02 5.870315995946283616e-01
2.884031499999999824e+02 4.215111364426755158e-01
2.511889999999999930e+02 3.759882985849990478e-01
1.905460720000000094e+02 2.976301068275111761e-01
1.258925409999999943e+02 2.073182860135494021e-01
1.000000000000000000e+02 1.687920922058512851e-01
8.600000000000000000e+01 1.473074935409891539e-01
7.600000000000000000e+01 1.316553003987112336e-01
6.600000000000000000e+01 1.157307740778011212e-01
5.600000000000000000e+01 9.951592597354209924e-02
4.600000000000000000e+01 8.298935120346662142e-02
3.600000000000000000e+01 6.612478649065769987e-02
2.600000000000000000e+01 4.888851425846162113e-02
1.600000000000000000e+01 3.123391659716160187e-02
6.000000000000000000e+00 1.308630074083121445e-02
3.162277659999999990e+00 7.828086260442543992e-03
1.000000000000000000e+00 3.781626331800679117e-03
4.869675250000000122e-01 2.815687862127299983e-03
2.371369999999999867e-01 2.344388389398152812e-03
7.498942090000000615e-02 2.038160346101878292e-03
5.623410000000000214e-02 2.002721663740865497e-03
1.333520000000000018e-02 1.921648892049709250e-03
1.154781979999999937e-02 1.918270570160461510e-03
3.162279999999999952e-03 1.902420626034078029e-03
1.778279409999999894e-03 1.899804581554372096e-03
7.498939999999999729e-04 1.897860709147516445e-03
2.738419629999999834e-04 1.896960863236444618e-03
1.778279999999999922e-04 1.896779374855195842e-03
4.216969999999999708e-05 1.896522949426645470e-03
4.216965030000000187e-05 1.896522949332701304e-03
1.000000000000000082e-05 1.896462141255861192e-03
6.493816320000000313e-06 1.896455513757382355e-03
9.999999999999999547e-07 1.896445129173012422e-03
9.999999999999999547e-08 1.896443427964679797e-03
