9.300000000000000000e+03 2.055967502645988099e-01
8.000000000000000000e+03 2.216711643170032608e-01
7.943282350000000406e+03 2.224610754111372157e-01
6.473082040000000234e+03 2.464291273982424091e-01
5.274997059999999692e+03 2.729787743660156973e-01
5.000000000000000000e+03 2.803838438310625736e-01
4.298662349999999606e+03 3.023877657483838854e-01
3.981070000000000164e+03 3.142150570064308202e-01
3.503034740000000056e+03 3.349630304188857544e-01
2.854667660000000069e+03 3.710456057523707218e-01
2.326305069999999887e+03 4.110120201755386171e-01
1.895735650000000078e+03 4.552793692626050936e-01
1.584890000000000100e+03 4.979029954990504270e-01
1.544859150000000000e+03 5.043088533622107628e-01
1.258925410000000056e+03 5.586107758999732109e-01
1.000000000000000000e+03 6.267075141097139257e-01
6.606934479999999894e+02 7.708219374318263650e-01
6.309569999999999936e+02 7.887492318143756176e-01
4.365158319999999890e+02 9.479539353952965985e-01
2.884031499999999824e+02 1.165557448143168084e+00
2.511889999999999930e+02 1.248598883063750220e+00
1.905460720000000094e+02 1.432685554083774182e+00
1.258925409999999943e+02 1.760244321519984334e+00
1.000000000000000000e+02 1.973026689330955596e+00
8.600000000000000000e+01 2.125866548590713556e+00
7.600000000000000000e+01 2.259707388612431256e+00
6.600000000000000000e+01 2.422494242194500824e+00
5.600000000000000000e+01 2.626429674134981074e+00
4.600000000000000000e+01 2.892404534999116983e+00
3.600000000000000000e+01 3.259977412144309916e+00
2.600000000000000000e+01 3.816334254145972604e+00
1.600000000000000000e+01 4.809853289917836783e+00
6.000000000000000000e+00 7.497418893128129369e+00
3.162277659999999990e+00 9.725536360838171746e+00
1.000000000000000000e+00 1.403908797970237465e+01
4.869675250000000122e-01 1.628730896568292863e+01
2.371369999999999867e-01 1.786005287946672482e+01
7.498942090000000615e-02 1.916209651241566547e+01
5.623410000000000214e-02 1.933169104814784589e+01
1.333520000000000018e-02 1.973703987289752959e+01
1.154781979999999937e-02 1.975448210645737390e+01
3.162279999999999952e-03 1.983692943753129612e+01
1.778279409999999894e-03 1.985063508221450235e+01
7.498939999999999729e-04 1.986083787325784300e+01
2.738419629999999834e-04 1.986556558753830615e+01
1.778279999999999922e-04 1.986651991781535997e+01
4.216969999999999708e-05 1.986786813642951799e+01
4.216965030000000187e-05 1.986786813692340559e+01
1.000000000000000082e-05 1.986818788699120120e+01
6.493816320000000313e-06 1.986822273768582647e+01
9.999999999999999547e-07 1.986827734537952139e+01
9.999999999999999547e-08 1.986828629128462609e+01
