9.300000000000000000e+03 1.280931323551261214e-01
8.000000000000000000e+03 1.381070550897714744e-01
7.943282350000000406e+03 1.385995996225193316e-01
6.473082040000000234e+03 1.535335730558479161e-01
5.274997059999999692e+03 1.700761688464207666e-01
5.000000000000000000e+03 1.746878888669966268e-01
4.298662349999999606e+03 1.883994267067666539e-01
3.981070000000000164e+03 1.957681477866922981e-01
3.503034740000000056e+03 2.086970106398316482e-01
2.854667660000000069e+03 2.311788325210603068e-01
2.326305069999999887e+03 2.560783912278729035e-01
1.895735650000000078e+03 2.836572988286097385e-01
1.584890000000000100e+03 3.102167885143150006e-01
1.544859150000000000e+03 3.142044207812221823e-01
1.258925410000000056e+03 3.480405106728205467e-01
1.000000000000000000e+03 3.904709909619275554e-01
6.606934479999999894e+02 4.802751024797550228e-01
6.309569999999999936e+02 4.914463293924165033e-01
4.365158319999999890e+02 5.906405225518147617e-01
2.884031499999999824e+02 7.262859632376490460e-01
2.511889999999999930e+02 7.780689703484199304e-01
1.905460720000000094e+02 8.928430247989536106e-01
1.258925409999999943e+02 1.097145768007469213e+00
1.000000000000000000e+02 1.229900647009874559e+00
8.600000000000000000e+01 1.325274824519772521e+00
7.600000000000000000e+01 1.408825878529648801e+00
6.600000000000000000e+01 1.510469138938843825e+00
5.600000000000000000e+01 1.637857772883459351e+00
4.600000000000000000e+01 1.804085447222812943e+00
3.600000000000000000e+01 2.033981519398318838e+00
2.600000000000000000e+01 2.382421881978037170e+00
1.600000000000000000e+01 3.006130005450073472e+00
6.000000000000000000e+00 4.710001176613163310e+00
3.162277659999999990e+00 6.150523945869652565e+00
1.000000000000000000e+00 9.088978462827784099e+00
4.869675250000000122e-01 1.080317864783827631e+01
2.371369999999999867e-01 1.222108171105386987e+01
7.498942090000000615e-02 1.390801681185043215e+01
5.623410000000000214e-02 1.425104709884788257e+01
1.333520000000000018e-02 1.572155906926037083e+01
1.154781979999999937e-02 1.585421277872667467e+01
3.162279999999999952e-03 1.697596268916011297e+01
1.778279409999999894e-03 1.744029665789772210e+01
7.498939999999999729e-04 1.810003270392550689e+01
2.738419629999999834e-04 1.881319383605693574e+01
1.778279999999999922e-04 1.909962050450948823e+01
4.216969999999999708e-05 1.996968864665491239e+01
4.216965030000000187e-05 1.996969034245762131e+01
1.000000000000000082e-05 2.070998256369887969e+01
6.493816320000000313e-06 2.090761642246035734e+01
9.999999999999999547e-07 2.164381178606712908e+01
9.999999999999999547e-08 2.231661462908666849e+01
