9.300000000000000000e+03 1.731957749389818613e-01
8.000000000000000000e+03 1.856320095928917502e-01
7.943282350000000406e+03 1.862902524674021065e-01
6.473082040000000234e+03 2.063212426688580681e-01
5.274997059999999692e+03 2.285882162755767943e-01
5.000000000000000000e+03 2.348117050231073311e-01
4.298662349999999606e+03 2.532243688385771296e-01
3.981070000000000164e+03 2.631423465687054986e-01
3.503034740000000056e+03 2.803877934698615904e-01
2.854667660000000069e+03 3.105289982434925045e-01
2.326305069999999887e+03 3.439953093713991050e-01
1.895735650000000078e+03 3.811453267227101205e-01
1.584890000000000100e+03 4.169401415313910286e-01
1.544859150000000000e+03 4.223299208526746229e-01
1.258925410000000056e+03 4.675285621237589839e-01
1.000000000000000000e+03 5.244793957055422506e-01
6.606934479999999894e+02 6.454291695216252123e-01
6.309569999999999936e+02 6.605301198507391724e-01
4.365158319999999890e+02 7.933000106513069527e-01
2.884031499999999824e+02 9.757377789508087096e-01
2.511889999999999930e+02 1.045632705651670102e+00
1.905460720000000094e+02 1.198965226581744759e+00
1.258925409999999943e+02 1.473286162639675823e+00
1.000000000000000000e+02 1.652183567430134836e+00
8.600000000000000000e+01 1.780159175510851455e+00
7.600000000000000000e+01 1.892201825746873345e+00
6.600000000000000000e+01 2.028513491687518044e+00
5.600000000000000000e+01 2.199259404397635009e+00
4.600000000000000000e+01 2.421873166792961385e+00
3.600000000000000000e+01 2.729606452898102997e+00
2.600000000000000000e+01 3.195340741802207507e+00
1.600000000000000000e+01 4.026472448989514064e+00
6.000000000000000000e+00 6.273941628685069105e+00
3.162277659999999990e+00 8.126785950171980133e+00
1.000000000000000000e+00 1.172709486163053327e+01
4.869675250000000122e-01 1.359205823982665606e+01
2.371369999999999867e-01 1.489997973722458013e+01
7.498942090000000615e-02 1.597982492532646503e+01
5.623410000000000214e-02 1.612066413973719747e+01
1.333520000000000018e-02 1.646313468812849123e+01
1.154781979999999937e-02 1.647156410289517581e+01
3.162279999999999952e-03 1.653962945272258622e+01
1.778279409999999894e-03 1.655063935032290345e+01
7.498939999999999729e-04 1.655883949900928087e+01
2.738419629999999834e-04 1.656280879140232543e+01
1.778279999999999922e-04 1.656360968583007676e+01
4.216969999999999708e-05 1.656474151141344109e+01
4.216965030000000187e-05 1.656474149202226087e+01
1.000000000000000082e-05 1.656500986653936991e+01
6.493816320000000313e-06 1.656503919837310690e+01
9.999999999999999547e-07 1.656508498757183290e+01
9.999999999999999547e-08 1.656509249762976310e+01
