9.300000000000000000e+03 6.644390976387869330e+01
8.000000000000000000e+03 6.642649377112611830e+01
7.943282350000000406e+03 6.642563795158970663e+01
6.473082040000000234e+03 6.639966945725932135e+01
5.274997059999999692e+03 6.637090369924646893e+01
5.000000000000000000e+03 6.636288079317583311e+01
4.298662349999999606e+03 6.633904044717618831e+01
3.981070000000000164e+03 6.632622611455816752e+01
3.503034740000000056e+03 6.630374611439066257e+01
2.854667660000000069e+03 6.626465190632883662e+01
2.326305069999999887e+03 6.622134996645996807e+01
1.895735650000000078e+03 6.617338809708485314e+01
1.584890000000000100e+03 6.612720670711641446e+01
1.544859150000000000e+03 6.612026684317439162e+01
1.258925410000000056e+03 6.606143266462460417e+01
1.000000000000000000e+03 6.598765199946261362e+01
6.606934479999999894e+02 6.583150859936409915e+01
6.309569999999999936e+02 6.581208473900254319e+01
4.365158319999999890e+02 6.563959905423128305e+01
2.884031499999999824e+02 6.540383655331977764e+01
2.511889999999999930e+02 6.531386577908288871e+01
1.905460720000000094e+02 6.511442048687328565e+01
1.258925409999999943e+02 6.475953623864737096e+01
1.000000000000000000e+02 6.452900616170460069e+01
8.600000000000000000e+01 6.436342043922621770e+01
7.600000000000000000e+01 6.421841957973896342e+01
6.600000000000000000e+01 6.404206076483453103e+01
5.600000000000000000e+01 6.382112314593447167e+01
4.600000000000000000e+01 6.353298270959602689e+01
3.600000000000000000e+01 6.313478672422018434e+01
2.600000000000000000e+01 6.253211002486681025e+01
1.600000000000000000e+01 6.145595826353351043e+01
6.000000000000000000e+00 5.854573639573261801e+01
3.162277659999999990e+00 5.613431990162306562e+01
1.000000000000000000e+00 5.147008502807156560e+01
4.869675250000000122e-01 4.904140633010288752e+01
2.371369999999999867e-01 4.734334334077092166e+01
7.498942090000000615e-02 4.593762821462405554e+01
5.623410000000000214e-02 4.575453409267475990e+01
1.333520000000000018e-02 4.531686810992800218e+01
1.154781979999999937e-02 4.529803435343098528e+01
3.162279999999999952e-03 4.520900735467385800e+01
1.778279409999999894e-03 4.519420706176223490e+01
7.498939999999999729e-04 4.518318990526473300e+01
2.738419629999999834e-04 4.517808421253309348e+01
1.778279999999999922e-04 4.517705401615343419e+01
4.216969999999999708e-05 4.517559819948770183e+01
4.216965030000000187e-05 4.517559819909568830e+01
1.000000000000000082e-05 4.517525292703486883e+01
6.493816320000000313e-06 4.517521529498541355e+01
9.999999999999999547e-07 4.517515632920157032e+01
9.999999999999999547e-08 4.517514783184793714e+01
