9.300000000000000000e+03 9.827245924635635177e+00
8.000000000000000000e+03 9.813781752651115298e+00
7.943282350000000406e+03 9.813120193929288249e+00
6.473082040000000234e+03 9.793055330196287045e+00
5.274997059999999692e+03 9.770845772997143186e+00
5.000000000000000000e+03 9.764654297121706961e+00
4.298662349999999606e+03 9.746263873418934409e+00
3.981070000000000164e+03 9.736383886316087199e+00
3.503034740000000056e+03 9.719059394629757875e+00
2.854667660000000069e+03 9.688956022275560187e+00
2.326305069999999887e+03 9.655648879234892235e+00
1.895735650000000078e+03 9.618802808114697456e+00
1.584890000000000100e+03 9.583369594662245916e+00
1.544859150000000000e+03 9.578048446016950379e+00
1.258925410000000056e+03 9.532980368052793807e+00
1.000000000000000000e+03 9.476565306812844369e+00
6.606934479999999894e+02 9.357551084154010823e+00
6.309569999999999936e+02 9.342782724878016865e+00
4.365158319999999890e+02 9.211983904792557354e+00
2.884031499999999824e+02 9.034247791802595628e+00
2.511889999999999930e+02 8.966742040675907077e+00
1.905460720000000094e+02 8.817737641026784701e+00
1.258925409999999943e+02 8.554833315645252512e+00
1.000000000000000000e+02 8.385611502035326126e+00
8.600000000000000000e+01 8.264834386195746063e+00
7.600000000000000000e+01 8.159607715760738955e+00
6.600000000000000000e+01 8.032312563389467641e+00
5.600000000000000000e+01 7.873916009758720413e+00
4.600000000000000000e+01 7.669167224295692087e+00
3.600000000000000000e+01 7.389702564569144094e+00
2.600000000000000000e+01 6.974676265709149448e+00
1.600000000000000000e+01 6.258639989999999820e+00
6.000000000000000000e+00 4.500615190000000432e+00
3.162277659999999990e+00 3.330964020000000136e+00
1.000000000000000000e+00 1.518316009999999938e+00
4.869675250000000122e-01 9.351567600000000313e-01
2.371369999999999867e-01 6.667939800000000083e-01
7.498942090000000615e-02 4.604773699999999970e-01
5.623410000000000214e-02 4.418582099999999735e-01
1.333520000000000018e-02 3.949510299999999807e-01
1.154781979999999937e-02 3.930876799999999949e-01
3.162279999999999952e-03 3.844010099999999874e-01
1.778279409999999894e-03 3.829744900000000007e-01
7.498939999999999729e-04 3.819165600000000160e-01
2.738419629999999834e-04 3.814253300000000069e-01
1.778279999999999922e-04 3.813253300000000179e-01
4.216969999999999708e-05 3.811831900000000051e-01
4.216965030000000187e-05 3.811831900000000051e-01
1.000000000000000082e-05 3.811508900000000200e-01
6.493816320000000313e-06 3.811508900000000200e-01
9.999999999999999547e-07 3.811422600000000105e-01
9.999999999999999547e-08 3.811422600000000105e-01
