9.300000000000000000e+03 9.828231550930810911e+00
8.000000000000000000e+03 9.814927029946918680e+00
7.943282350000000406e+03 9.814273715323475145e+00
6.473082040000000234e+03 9.794470387926129007e+00
5.274997059999999692e+03 9.772581462851045231e+00
5.000000000000000000e+03 9.766485101326788154e+00
4.298662349999999606e+03 9.748392779280873555e+00
3.981070000000000164e+03 9.738682097008572569e+00
3.503034740000000056e+03 9.721670381123278304e+00
2.854667660000000069e+03 9.692158092701120609e+00
2.326305069999999887e+03 9.659575559859462146e+00
1.895735650000000078e+03 9.623617478224247179e+00
1.584890000000000100e+03 9.589124487260676233e+00
1.544859150000000000e+03 9.583951861482889356e+00
1.258925410000000056e+03 9.540217280263497912e+00
1.000000000000000000e+03 9.485664219801510200e+00
6.606934479999999894e+02 9.371282581661372291e+00
6.309569999999999936e+02 9.357155866151318335e+00
4.365158319999999890e+02 9.232686036210541403e+00
2.884031499999999824e+02 9.065416696772953031e+00
2.511889999999999930e+02 9.002452659581237526e+00
1.905460720000000094e+02 8.864575627723148443e+00
1.258925409999999943e+02 8.625023025661848308e+00
1.000000000000000000e+02 8.473347326512850941e+00
8.600000000000000000e+01 8.366296900030700812e+00
7.600000000000000000e+01 8.273849844250708685e+00
6.600000000000000000e+01 8.163029485544916142e+00
5.600000000000000000e+01 8.026685210296578887e+00
4.600000000000000000e+01 7.852983497121342360e+00
3.600000000000000000e+01 7.620496906739219867e+00
2.600000000000000000e+01 7.284916822303493689e+00
1.600000000000000000e+01 6.732411076775597358e+00
6.000000000000000000e+00 5.504663327194913691e+00
3.162277659999999990e+00 4.728547521068593440e+00
1.000000000000000000e+00 3.660516928629795608e+00
4.869675250000000122e-01 3.261124703212152198e+00
2.371369999999999867e-01 3.060091563587612473e+00
7.498942090000000615e-02 2.855971182205826686e+00
5.623410000000000214e-02 2.835046557514013355e+00
1.333520000000000018e-02 2.786136989147785847e+00
1.154781979999999937e-02 2.784071476134952317e+00
3.162279999999999952e-03 2.774344444152057942e+00
1.778279409999999894e-03 2.772795969621765000e+00
7.498939999999999729e-04 2.771535748199554394e+00
2.738419629999999834e-04 2.771039962843627524e+00
1.778279999999999922e-04 2.770869636388352042e+00
4.216969999999999708e-05 2.770711387755088850e+00
4.216965030000000187e-05 2.770711387755088850e+00
1.000000000000000082e-05 2.770674845585681112e+00
6.493816320000000313e-06 2.770671205132991588e+00
9.999999999999999547e-07 2.770723723087337831e+00
9.999999999999999547e-08 2.770662368128400832e+00
