9.300000000000000000e+03 1.553476053419264957e+01
8.000000000000000000e+03 1.552121977364043737e+01
7.943282350000000406e+03 1.552055438078778415e+01
6.473082040000000234e+03 1.550036415351214991e+01
5.274997059999999692e+03 1.547799995388394834e+01
5.000000000000000000e+03 1.547176250371735406e+01
4.298662349999999606e+03 1.545322788462191888e+01
3.981070000000000164e+03 1.544326594484153858e+01
3.503034740000000056e+03 1.542578957699634223e+01
2.854667660000000069e+03 1.539539853945254499e+01
2.326305069999999887e+03 1.536173749672906297e+01
1.895735650000000078e+03 1.532445715482023196e+01
1.584890000000000100e+03 1.528856274409370819e+01
1.544859150000000000e+03 1.528316882859567905e+01
1.258925410000000056e+03 1.523744602286393679e+01
1.000000000000000000e+03 1.518011461458551992e+01
6.606934479999999894e+02 1.505881353781619936e+01
6.309569999999999936e+02 1.504372783001383418e+01
4.365158319999999890e+02 1.490979299485023013e+01
2.884031499999999824e+02 1.472685064283858125e+01
2.511889999999999930e+02 1.465708139428294210e+01
1.905460720000000094e+02 1.450251123348825821e+01
1.258925409999999943e+02 1.422786521953934269e+01
1.000000000000000000e+02 1.404976334294771334e+01
8.600000000000000000e+01 1.392200321626745207e+01
7.600000000000000000e+01 1.381025181588309536e+01
6.600000000000000000e+01 1.367450269745489777e+01
5.600000000000000000e+01 1.350472187785485545e+01
4.600000000000000000e+01 1.328380815540159254e+01
3.600000000000000000e+01 1.297956906902674667e+01
2.600000000000000000e+01 1.251994610033180244e+01
1.600000000000000000e+01 1.171061781554420200e+01
6.000000000000000000e+00 9.600098762655333573e+00
3.162277659999999990e+00 7.967376398388731573e+00
1.000000000000000000e+00 5.212131347914908730e+00
4.869675250000000122e-01 4.026734979505119938e+00
2.371369999999999867e-01 3.307697130349135151e+00
7.498942090000000615e-02 2.781302294797460384e+00
5.623410000000000214e-02 2.717285123291528937e+00
1.333520000000000018e-02 2.568435327701562798e+00
1.154781979999999937e-02 2.562144502411304536e+00
3.162279999999999952e-03 2.532642342342236397e+00
1.778279409999999894e-03 2.527760646095552399e+00
7.498939999999999729e-04 2.524130480262752219e+00
2.738419629999999834e-04 2.522449380774515415e+00
1.778279999999999922e-04 2.522109753782755259e+00
4.216969999999999708e-05 2.521630737386724164e+00
4.216965030000000187e-05 2.521630714288913833e+00
1.000000000000000082e-05 2.521517361800121204e+00
6.493816320000000313e-06 2.521505349775259308e+00
9.999999999999999547e-07 2.521485688695417338e+00
9.999999999999999547e-08 2.521482137226560560e+00
