9.300000000000000000e+03 1.732071460007505725e-01
8.000000000000000000e+03 1.867491006121839436e-01
7.943282350000000406e+03 1.874144829682813929e-01
6.473082040000000234e+03 2.076067364146507166e-01
5.274997059999999692e+03 2.299736623126900636e-01
5.000000000000000000e+03 2.362118556793320334e-01
4.298662349999999606e+03 2.547492699952869089e-01
3.981070000000000164e+03 2.647132440536307252e-01
3.503034740000000056e+03 2.821929068761941939e-01
2.854667660000000069e+03 3.125907145007451038e-01
2.326305069999999887e+03 3.462609327643583756e-01
1.895735650000000078e+03 3.835541028995204105e-01
1.584890000000000100e+03 4.194631354194779393e-01
1.544859150000000000e+03 4.248595280329289237e-01
1.258925410000000056e+03 4.706057981201780538e-01
1.000000000000000000e+03 5.279739195070024538e-01
6.606934479999999894e+02 6.493823340640094699e-01
6.309569999999999936e+02 6.644846350205174668e-01
4.365158319999999890e+02 7.986033259564704334e-01
2.884031499999999824e+02 9.819169084370479306e-01
2.511889999999999930e+02 1.051871205056919001e+00
1.905460720000000094e+02 1.206947314727172982e+00
1.258925409999999943e+02 1.482869585917254929e+00
1.000000000000000000e+02 1.662103288919845712e+00
8.600000000000000000e+01 1.790841161712066310e+00
7.600000000000000000e+01 1.903572967166778929e+00
6.600000000000000000e+01 2.040681299201032584e+00
5.600000000000000000e+01 2.212442808602308464e+00
4.600000000000000000e+01 2.436443222151971622e+00
3.600000000000000000e+01 2.745979671130292399e+00
2.600000000000000000e+01 3.214433822795700557e+00
1.600000000000000000e+01 4.050756688548577955e+00
6.000000000000000000e+00 6.311168623604028305e+00
3.162277659999999990e+00 8.182263765534898425e+00
1.000000000000000000e+00 1.179487376125867826e+01
4.869675250000000122e-01 1.367195105474429262e+01
2.371369999999999867e-01 1.498269874158799375e+01
7.498942090000000615e-02 1.606686330348478009e+01
5.623410000000000214e-02 1.620803682160378756e+01
1.333520000000000018e-02 1.654544636068380115e+01
1.154781979999999937e-02 1.655996274487866415e+01
3.162279999999999952e-03 1.662858866950659475e+01
1.778279409999999894e-03 1.664000032738690038e+01
7.498939999999999729e-04 1.664849229832501720e+01
2.738419629999999834e-04 1.665242955622966292e+01
1.778279999999999922e-04 1.665322178825516275e+01
4.216969999999999708e-05 1.665434437521003019e+01
4.216965030000000187e-05 1.665434437560979575e+01
1.000000000000000082e-05 1.665461052599533076e+01
6.493816320000000313e-06 1.665463953746166226e+01
9.999999999999999547e-07 1.665468498697453370e+01
9.999999999999999547e-08 1.665469244269266014e+01
