9.300000000000000000e+03 2.251623819998743725e-01
8.000000000000000000e+03 2.427668292522095206e-01
7.943282350000000406e+03 2.436290950268881761e-01
6.473082040000000234e+03 2.698803344156826545e-01
5.274997059999999692e+03 2.989562876110492540e-01
5.000000000000000000e+03 3.070655225197132521e-01
4.298662349999999606e+03 3.311653305204038666e-01
3.981070000000000164e+03 3.441169800415248003e-01
3.503034740000000056e+03 3.668404317640006074e-01
2.854667660000000069e+03 4.063567777431355554e-01
2.326305069999999887e+03 4.501282692499303795e-01
1.895735650000000078e+03 4.986087218284301903e-01
1.584890000000000100e+03 5.452892470158916538e-01
1.544859150000000000e+03 5.522978127155860895e-01
1.258925410000000056e+03 6.117769157817068981e-01
1.000000000000000000e+03 6.863519403037082744e-01
6.606934479999999894e+02 8.441889107720403906e-01
6.309569999999999936e+02 8.638216404791871916e-01
4.365158319999999890e+02 1.038184642099096333e+00
2.884031499999999824e+02 1.273272474847422009e+00
2.511889999999999930e+02 1.367460034538928504e+00
1.905460720000000094e+02 1.569091970328186258e+00
1.258925409999999943e+02 1.927893338099581966e+00
1.000000000000000000e+02 2.160974872400027280e+00
8.600000000000000000e+01 2.328408276683626266e+00
7.600000000000000000e+01 2.475037780677616261e+00
6.600000000000000000e+01 2.653376393785388032e+00
5.600000000000000000e+01 2.876822646169098441e+00
4.600000000000000000e+01 3.168262551801362736e+00
3.600000000000000000e+01 3.571085461102466496e+00
2.600000000000000000e+01 4.180924335747718601e+00
1.600000000000000000e+01 5.270422131950846634e+00
6.000000000000000000e+00 8.222727656765934867e+00
3.162277659999999990e+00 1.067963283355840609e+01
1.000000000000000000e+00 1.549449602151507044e+01
4.869675250000000122e-01 1.808575426387799467e+01
2.371369999999999867e-01 2.000381363668128287e+01
7.498942090000000615e-02 2.182379933127405636e+01
5.623410000000000214e-02 2.210766092879875799e+01
1.333520000000000018e-02 2.294000555623272319e+01
1.154781979999999937e-02 2.298613775006863591e+01
3.162279999999999952e-03 2.323635285414804486e+01
1.778279409999999894e-03 2.328587863217478215e+01
7.498939999999999729e-04 2.332501905755227867e+01
2.738419629999999834e-04 2.334416317166557420e+01
1.778279999999999922e-04 2.334798787121108532e+01
4.216969999999999708e-05 2.335356449212654439e+01
4.216965030000000187e-05 2.335358328658857019e+01
1.000000000000000082e-05 2.335492211677782137e+01
6.493816320000000313e-06 2.335507006943375785e+01
9.999999999999999547e-07 2.335529993110181479e+01
9.999999999999999547e-08 2.335533804667093705e+01
